
============================================================
Model: XGBoost_Optuna_Tuned
Accuracy: 0.9958601655933763
Log Loss: 0.016074699647191694

Classification Report:
              precision    recall  f1-score   support

           0       0.99      1.00      1.00       308
           1       1.00      1.00      1.00       496
           2       1.00      1.00      1.00       588
           3       0.98      1.00      0.99        95
           4       1.00      1.00      1.00         8
           5       0.99      0.99      0.99       150
           6       1.00      0.99      0.99        80
           7       0.99      0.99      0.99       246
           8       1.00      1.00      1.00       203

    accuracy                           1.00      2174
   macro avg       0.99      0.99      0.99      2174
weighted avg       1.00      1.00      1.00      2174
