
============================================================
Model: Random Forest
Accuracy: 0.9917203311867525
Log Loss: 0.06773844675507784

Classification Report:
              precision    recall  f1-score   support

           0       0.98      0.99      0.99       308
           1       1.00      1.00      1.00       496
           2       1.00      1.00      1.00       588
           3       0.97      0.98      0.97        95
           4       1.00      1.00      1.00         8
           5       0.98      0.98      0.98       150
           6       0.99      0.99      0.99        80
           7       0.99      0.97      0.98       246
           8       1.00      1.00      1.00       203

    accuracy                           0.99      2174
   macro avg       0.99      0.99      0.99      2174
weighted avg       0.99      0.99      0.99      2174

============================================================
Model: XGBoost
Accuracy: 0.9935602575896965
Log Loss: 0.021427449187162488

Classification Report:
              precision    recall  f1-score   support

           0       0.99      1.00      1.00       308
           1       1.00      1.00      1.00       496
           2       1.00      1.00      1.00       588
           3       0.96      0.99      0.97        95
           4       1.00      1.00      1.00         8
           5       0.99      0.99      0.99       150
           6       1.00      0.99      0.99        80
           7       0.99      0.98      0.98       246
           8       1.00      1.00      1.00       203

    accuracy                           0.99      2174
   macro avg       0.99      0.99      0.99      2174
weighted avg       0.99      0.99      0.99      2174
