
============================================================
Model: Random Forest
Accuracy: 0.9926402943882244
Log Loss: 0.06271403957828559

Classification Report:
              precision    recall  f1-score   support

           0       0.98      1.00      0.99       308
           1       0.99      1.00      1.00       496
           2       1.00      1.00      1.00       588
           3       0.96      0.99      0.97        95
           4       1.00      1.00      1.00         8
           5       0.99      0.97      0.98       150
           6       0.99      0.99      0.99        80
           7       1.00      0.97      0.98       246
           8       1.00      1.00      1.00       203

    accuracy                           0.99      2174
   macro avg       0.99      0.99      0.99      2174
weighted avg       0.99      0.99      0.99      2174

============================================================
Model: XGBoost
Accuracy: 0.9944802207911684
Log Loss: 0.019492509049324702

Classification Report:
              precision    recall  f1-score   support

           0       0.99      0.99      0.99       308
           1       1.00      1.00      1.00       496
           2       1.00      1.00      1.00       588
           3       0.99      0.99      0.99        95
           4       1.00      1.00      1.00         8
           5       0.99      0.99      0.99       150
           6       1.00      0.99      0.99        80
           7       0.98      0.99      0.99       246
           8       0.99      1.00      0.99       203

    accuracy                           0.99      2174
   macro avg       0.99      0.99      0.99      2174
weighted avg       0.99      0.99      0.99      2174

============================================================
Model: LightGBM
Accuracy: 0.9935602575896965
Log Loss: 0.029667313584834133

Classification Report:
              precision    recall  f1-score   support

           0       0.99      1.00      1.00       308
           1       1.00      1.00      1.00       496
           2       1.00      1.00      1.00       588
           3       0.98      0.99      0.98        95
           4       0.89      1.00      0.94         8
           5       0.99      0.99      0.99       150
           6       1.00      0.99      0.99        80
           7       0.98      0.98      0.98       246
           8       1.00      1.00      1.00       203

    accuracy                           0.99      2174
   macro avg       0.98      0.99      0.99      2174
weighted avg       0.99      0.99      0.99      2174

============================================================
Model: SVM
Accuracy: 0.8882244710211592
Log Loss: 0.2980688948044786

Classification Report:
              precision    recall  f1-score   support

           0       0.88      0.84      0.86       308
           1       0.95      0.97      0.96       496
           2       1.00      1.00      1.00       588
           3       0.71      0.43      0.54        95
           4       0.00      0.00      0.00         8
           5       0.82      0.66      0.73       150
           6       0.93      0.93      0.93        80
           7       0.62      0.89      0.73       246
           8       0.98      0.83      0.90       203

    accuracy                           0.89      2174
   macro avg       0.77      0.73      0.74      2174
weighted avg       0.90      0.89      0.89      2174

============================================================
Model: KNN
Accuracy: 0.9563017479300828
Log Loss: 0.7571910536675907

Classification Report:
              precision    recall  f1-score   support

           0       0.93      0.97      0.95       308
           1       0.98      0.91      0.94       496
           2       0.99      1.00      1.00       588
           3       0.91      0.97      0.94        95
           4       0.73      1.00      0.84         8
           5       0.92      0.93      0.92       150
           6       0.95      0.93      0.94        80
           7       0.98      0.94      0.96       246
           8       0.88      0.96      0.92       203

    accuracy                           0.96      2174
   macro avg       0.92      0.96      0.93      2174
weighted avg       0.96      0.96      0.96      2174
