
============================================================
Model: Random Forest
Accuracy: 0.9903403863845446
Log Loss: 0.08689645577746298

Classification Report:
              precision    recall  f1-score   support

           0       0.98      0.99      0.98       308
           1       0.99      1.00      1.00       496
           2       1.00      1.00      1.00       588
           3       0.97      0.98      0.97        95
           4       0.89      1.00      0.94         8
           5       0.97      0.97      0.97       150
           6       0.99      0.99      0.99        80
           7       1.00      0.96      0.98       246
           8       1.00      1.00      1.00       203

    accuracy                           0.99      2174
   macro avg       0.98      0.99      0.98      2174
weighted avg       0.99      0.99      0.99      2174

============================================================
Model: XGBoost
Accuracy: 0.9940202391904324
Log Loss: 0.019578805036211077

Classification Report:
              precision    recall  f1-score   support

           0       0.99      1.00      0.99       308
           1       1.00      1.00      1.00       496
           2       1.00      1.00      1.00       588
           3       0.98      0.99      0.98        95
           4       1.00      1.00      1.00         8
           5       0.99      0.99      0.99       150
           6       1.00      0.99      0.99        80
           7       0.98      0.98      0.98       246
           8       1.00      0.99      1.00       203

    accuracy                           0.99      2174
   macro avg       0.99      0.99      0.99      2174
weighted avg       0.99      0.99      0.99      2174
