
============================================================
Model: Random Forest
Accuracy: 0.9862005519779209
Log Loss: 0.10461990759507536

Classification Report:
              precision    recall  f1-score   support

           0       0.96      0.98      0.97       308
           1       1.00      1.00      1.00       496
           2       1.00      1.00      1.00       588
           3       0.97      0.98      0.97        95
           4       0.80      1.00      0.89         8
           5       0.97      0.95      0.96       150
           6       0.99      0.99      0.99        80
           7       0.99      0.96      0.97       246
           8       0.98      0.99      0.99       203

    accuracy                           0.99      2174
   macro avg       0.96      0.98      0.97      2174
weighted avg       0.99      0.99      0.99      2174

============================================================
Model: XGBoost
Accuracy: 0.9908003679852806
Log Loss: 0.03581682444570779

Classification Report:
              precision    recall  f1-score   support

           0       0.98      0.99      0.99       308
           1       1.00      1.00      1.00       496
           2       1.00      1.00      1.00       588
           3       0.97      0.97      0.97        95
           4       0.89      1.00      0.94         8
           5       0.97      0.97      0.97       150
           6       0.99      0.99      0.99        80
           7       0.99      0.97      0.98       246
           8       1.00      1.00      1.00       203

    accuracy                           0.99      2174
   macro avg       0.98      0.99      0.98      2174
weighted avg       0.99      0.99      0.99      2174
