Best Val Acc: 97.79%
Test Loss: 2.3773 | Test Acc: 97.52%
Total training time: 23.3 minutes

Training History:
Epoch     Train Loss     Val Loss       Val Acc   
--------------------------------------------------
1         0.7552         0.7546         95.03     
2         0.6237         3.3274         96.32     
3         0.5811         1.1599         97.15     
4         0.5590         1.1668         97.24     
5         0.5442         1.9971         97.42     
6         0.5391         1.7189         97.33     
7         0.5288         0.9372         97.51     
8         0.5219         1.6905         97.33     
9         0.5189         4.7148         97.42     
10        0.5172         4.0097         97.51     
11        0.5155         9.3242         97.42     
12        0.5128         3.4698         97.51     
13        0.5137         1.1895         97.79     
14        0.5133         0.7356         97.51     
15        0.5128         2.0939         97.61     

Classification Report:
              precision    recall  f1-score   support

           1       0.96      0.97      0.96       163
           2       0.99      0.98      0.99       253
           3       0.99      0.99      0.99       293
           4       0.96      0.98      0.97        45
           5       1.00      0.67      0.80         6
           6       0.92      0.97      0.95        75
           7       1.00      1.00      1.00        42
           8       0.95      0.92      0.94       113
           9       1.00      0.99      0.99        98

    accuracy                           0.98      1088
   macro avg       0.97      0.94      0.95      1088
weighted avg       0.98      0.98      0.98      1088
