
============================================================
Model: XGBoost_Optuna_Tuned
Accuracy: 0.9926470588235294
Log Loss: 0.03270666722127652

Classification Report:
              precision    recall  f1-score   support

           0       0.98      0.99      0.98       163
           1       1.00      1.00      1.00       253
           2       1.00      1.00      1.00       293
           3       1.00      1.00      1.00        45
           4       1.00      1.00      1.00         6
           5       0.99      1.00      0.99        75
           6       1.00      1.00      1.00        42
           7       0.98      0.95      0.96       113
           8       1.00      1.00      1.00        98

    accuracy                           0.99      1088
   macro avg       0.99      0.99      0.99      1088
weighted avg       0.99      0.99      0.99      1088

============================================================
Model: XGBoost_Optuna_Tuned
Accuracy: 0.9880514705882353
Log Loss: 0.0404132192265477

Classification Report:
              precision    recall  f1-score   support

           0       0.96      0.99      0.97       163
           1       1.00      1.00      1.00       253
           2       0.99      1.00      1.00       293
           3       1.00      1.00      1.00        45
           4       1.00      0.83      0.91         6
           5       0.97      1.00      0.99        75
           6       1.00      0.95      0.98        42
           7       0.98      0.94      0.96       113
           8       1.00      0.99      0.99        98

    accuracy                           0.99      1088
   macro avg       0.99      0.97      0.98      1088
weighted avg       0.99      0.99      0.99      1088
