
============================================================
Model: Random Forest
Accuracy: 0.9935602575896965
Log Loss: 0.06130973345802727

Classification Report:
              precision    recall  f1-score   support

           0       0.99      0.99      0.99       308
           1       1.00      1.00      1.00       496
           2       1.00      1.00      1.00       588
           3       0.97      0.99      0.98        95
           4       1.00      1.00      1.00         8
           5       0.99      0.99      0.99       150
           6       0.99      0.99      0.99        80
           7       1.00      0.98      0.99       246
           8       1.00      1.00      1.00       203

    accuracy                           0.99      2174
   macro avg       0.99      0.99      0.99      2174
weighted avg       0.99      0.99      0.99      2174

============================================================
Model: XGBoost
Accuracy: 0.9926402943882244
Log Loss: 0.023341069000158126

Classification Report:
              precision    recall  f1-score   support

           0       0.99      0.99      0.99       308
           1       1.00      1.00      1.00       496
           2       1.00      1.00      1.00       588
           3       0.98      0.98      0.98        95
           4       1.00      1.00      1.00         8
           5       0.99      0.98      0.99       150
           6       0.99      0.99      0.99        80
           7       0.98      0.99      0.98       246
           8       1.00      1.00      1.00       203

    accuracy                           0.99      2174
   macro avg       0.99      0.99      0.99      2174
weighted avg       0.99      0.99      0.99      2174

============================================================
Model: LightGBM
Accuracy: 0.9940202391904324
Log Loss: 0.02626977642764714

Classification Report:
              precision    recall  f1-score   support

           0       0.99      0.99      0.99       308
           1       1.00      1.00      1.00       496
           2       1.00      1.00      1.00       588
           3       0.99      0.99      0.99        95
           4       0.89      1.00      0.94         8
           5       0.99      0.99      0.99       150
           6       1.00      0.99      0.99        80
           7       0.98      0.99      0.98       246
           8       1.00      1.00      1.00       203

    accuracy                           0.99      2174
   macro avg       0.98      0.99      0.99      2174
weighted avg       0.99      0.99      0.99      2174

============================================================
Model: SVM
Accuracy: 0.8877644894204232
Log Loss: 0.28610764150723816

Classification Report:
              precision    recall  f1-score   support

           0       0.88      0.83      0.86       308
           1       0.95      0.98      0.96       496
           2       0.99      1.00      1.00       588
           3       0.65      0.42      0.51        95
           4       1.00      0.38      0.55         8
           5       0.85      0.65      0.73       150
           6       0.96      0.94      0.95        80
           7       0.62      0.89      0.73       246
           8       0.98      0.83      0.90       203

    accuracy                           0.89      2174
   macro avg       0.88      0.77      0.80      2174
weighted avg       0.90      0.89      0.89      2174

============================================================
Model: KNN
Accuracy: 0.9553817847286109
Log Loss: 0.7424277181859564

Classification Report:
              precision    recall  f1-score   support

           0       0.93      0.96      0.95       308
           1       0.98      0.91      0.94       496
           2       0.99      1.00      1.00       588
           3       0.93      0.97      0.95        95
           4       0.80      1.00      0.89         8
           5       0.91      0.97      0.94       150
           6       1.00      0.93      0.96        80
           7       0.97      0.93      0.95       246
           8       0.87      0.96      0.91       203

    accuracy                           0.96      2174
   macro avg       0.93      0.96      0.94      2174
weighted avg       0.96      0.96      0.96      2174
